lastAccountName: donate
timestamps:
  login: 1500174243196
  lastteleport: 1500174407277
  kits:
    start: 1500174419386
  logout: 1500174597425
ipAddress: 212.96.79.164
lastlocation:
  world: survival
  x: 9.237500011920911
  y: 65.0
  z: 257.94999998807907
  yaw: 50.55008
  pitch: 12.750028
logoutlocation:
  world: survival
  x: 21.18293721219948
  y: 64.0625
  z: 245.2806930959895
  yaw: 79.50234
  pitch: 12.899949
