lastAccountName: ntoxicated1990
timestamps:
  login: 1500212342357
  logout: 1500212347208
ipAddress: 37.213.131.85
lastlocation:
  world: world
  x: 2380.5
  y: 87.0
  z: 875.5
  yaw: 0.0
  pitch: 0.0
logoutlocation:
  world: main
  x: 632.5
  y: 9.0
  z: 984.5
  yaw: -2.1017025
  pitch: 14.249902
