lastAccountName: DanekTV
timestamps:
  login: 1500206523968
  logout: 1500206549050
ipAddress: 37.52.26.66
lastlocation:
  world: world
  x: 2380.5
  y: 87.0
  z: 875.5
  yaw: 0.0
  pitch: 0.0
logoutlocation:
  world: main
  x: 635.7349348667598
  y: 9.0
  z: 975.2861201915008
  yaw: 143.77045
  pitch: 18.43211
