lastAccountName: ___Hacker____
timestamps:
  login: 1500175514660
  lastteleport: 1500175539081
  logout: 1500175552882
ipAddress: 213.87.103.129
lastlocation:
  world: main
  x: -73.70859066490232
  y: 7.0
  z: 265.89866341297545
  yaw: -113.400024
  pitch: 23.399996
logoutlocation:
  world: survival
  x: 31.2075753485734
  y: 64.0
  z: 243.71225356033924
  yaw: -21.897654
  pitch: 36.74995
