lastAccountName: The_Gamer_Anton
timestamps:
  login: 1500204495900
  logout: 1500204606623
ipAddress: 194.50.9.82
lastlocation:
  world: world
  x: 2380.5
  y: 87.0
  z: 875.5
  yaw: 0.0
  pitch: 0.0
logoutlocation:
  world: survival
  x: 27.84795353686093
  y: 64.0
  z: 248.9146873704827
  yaw: 4.6522737
  pitch: -6.299997
