lastAccountName: MarsSNG
timestamps:
  login: 1500189876151
  logout: 1500189878073
ipAddress: 88.200.214.249
lastlocation:
  world: world
  x: 2380.5
  y: 87.0
  z: 875.5
  yaw: 0.0
  pitch: 0.0
logoutlocation:
  world: main
  x: 632.5
  y: 9.0
  z: 984.5
  yaw: -0.6017029
  pitch: 19.949903
