lastAccountName: davidgameplay
timestamps:
  login: 1500178764212
  logout: 1500178788555
ipAddress: 95.104.13.182
lastlocation:
  world: world
  x: 2380.5
  y: 87.0
  z: 875.5
  yaw: 0.0
  pitch: 0.0
logoutlocation:
  world: main
  x: -67.91300968884583
  y: 7.0
  z: 278.56560288083983
  yaw: 332.54987
  pitch: -9.749997
