socialspy: false
lastAccountName: Sampik1234
timestamps:
  login: 1499087798033
  logout: 1499087993419
ipAddress: 31.173.103.117
lastlocation:
  world: world
  x: 2372.4355940959044
  y: 80.0
  z: 872.5034043504787
  yaw: 0.61120605
  pitch: 77.54992
logoutlocation:
  world: world
  x: 2369.564527518567
  y: 80.875
  z: 870.3000000119209
  yaw: 214.21082
  pitch: 34.949993
