lastAccountName: TeroserPlay
timestamps:
  login: 1500185250756
  lastteleport: 1500185285648
ipAddress: 82.200.40.209
lastlocation:
  world: main
  x: -97.3823248753969
  y: 7.0
  z: 286.55053979663995
  yaw: 1.5000036
  pitch: 11.999989
money: '180.0'
