lastlocation:
  world: world
  x: 2380.5
  y: 87.0
  z: 875.5
  yaw: 0.0
  pitch: 0.0
lastAccountName: vovaxxx
timestamps:
  login: 1500193785977
  logout: 1500193881077
ipAddress: 89.237.104.12
logoutlocation:
  world: survival
  x: 19.055563654433282
  y: 64.0625
  z: 243.54746015823196
  yaw: 7.800049
  pitch: 12.300004
