lastAccountName: Beagger
timestamps:
  login: 1500188927830
  logout: 1500189017895
ipAddress: 91.239.139.130
lastlocation:
  world: world
  x: 2380.5
  y: 87.0
  z: 875.5
  yaw: 0.0
  pitch: 0.0
logoutlocation:
  world: survival
  x: 31.42756040187883
  y: 64.0
  z: 244.72412867446232
  yaw: 6.602338
  pitch: 41.999943
