lastAccountName: Buker
timestamps:
  login: 1500174407075
  logout: 1500174497133
ipAddress: 2.60.24.6
lastlocation:
  world: world
  x: 2380.5
  y: 87.0
  z: 875.5
  yaw: 0.0
  pitch: 0.0
logoutlocation:
  world: main
  x: -56.95802962741786
  y: 7.0
  z: 243.0129973019533
  yaw: 156.4502
  pitch: 12.300006
