socialspy: false
lastAccountName: sk89q
timestamps:
  login: 1498959483856
  logout: 1498959578291
ipAddress: 79.105.61.97
lastlocation:
  world: world
  x: -1033.9443218341999
  y: 63.0
  z: -237.7703683892934
  yaw: 1.0526123
  pitch: 27.750122
logoutlocation:
  world: world
  x: -1029.3045209730224
  y: 63.0
  z: -227.1436766309832
  yaw: -50.24693
  pitch: 46.29739
