lastAccountName: ClaytonLegend
timestamps:
  login: 1500171935699
  lastteleport: 1500171954476
  logout: 1500171979928
ipAddress: 95.70.67.226
lastlocation:
  world: main
  x: -77.5628223014848
  y: 7.0
  z: 277.1505647160238
  yaw: -171.67033
  pitch: -4.850782
logoutlocation:
  world: main
  x: 606.4026333870119
  y: 7.0
  z: 976.2658322505185
  yaw: -75.54386
  pitch: 1.1460572
