lastAccountName: esas2288
timestamps:
  login: 1500270510913
  logout: 1500270544219
ipAddress: 195.16.79.233
logoutlocation:
  world: survival
  x: 20.292110542938367
  y: 64.5432108763317
  z: 244.35204963866857
  yaw: 99.15235
  pitch: 32.54995
socialspy: false
