socialspy: false
lastAccountName: md_5
timestamps:
  login: 1498960361409
  logout: 1498960353484
ipAddress: 79.105.61.97
lastlocation:
  world: world
  x: -1033.9443218341999
  y: 63.0
  z: -237.7703683892934
  yaw: 1.0526123
  pitch: 27.750122
afk: false
logoutlocation:
  world: world
  x: -1033.9443218341999
  y: 63.0
  z: -237.7703683892934
  yaw: 1.0526123
  pitch: 27.750122
