lastAccountName: danilka1500
timestamps:
  login: 1500236980238
  logout: 1500237587806
  lastteleport: 1500237435326
ipAddress: 213.24.125.147
logoutlocation:
  world: survival
  x: 17.74905045591682
  y: 68.38504159950753
  z: 240.8846840299032
  yaw: 85.35246
  pitch: 2.8500056
socialspy: false
lastlocation:
  world: survival
  x: -181.44481736039845
  y: 105.0
  z: 155.05243345609156
  yaw: 325.5022
  pitch: 27.899956
