lastAccountName: creeper7777732
timestamps:
  login: 1500236249947
  logout: 1500236277662
ipAddress: 195.88.139.242
logoutlocation:
  world: main
  x: 635.0
  y: 9.0
  z: 986.6999999880791
  yaw: 8.1
  pitch: 0.14999999
