socialspy: false
lastAccountName: Demon666_YT
timestamps:
  login: 1500038261284
  logout: 1500038289993
ipAddress: 95.27.172.148
lastlocation:
  world: world
  x: 2380.5
  y: 87.0
  z: 875.5
  yaw: 0.0
  pitch: 0.0
logoutlocation:
  world: main
  x: -79.79377495927535
  y: 64.0
  z: 263.7134578343103
  yaw: 0.0
  pitch: 0.0
