lastAccountName: NikitosPRO00007
timestamps:
  login: 1500178193361
  logout: 1500178333419
ipAddress: 95.70.86.173
lastlocation:
  world: world
  x: 2380.5
  y: 87.0
  z: 875.5
  yaw: 0.0
  pitch: 0.0
money: '80.0'
logoutlocation:
  world: minigames
  x: -275.8763028761695
  y: 70.5
  z: -61.13719654634358
  yaw: 179.2499
  pitch: 31.95002
