lastAccountName: asdwa
timestamps:
  login: 1500174764510
  logout: 1500174895234
ipAddress: 90.143.162.231
lastlocation:
  world: world
  x: 2380.5
  y: 87.0
  z: 875.5
  yaw: 0.0
  pitch: 0.0
logoutlocation:
  world: world
  x: 696.6999999880791
  y: 245.0
  z: 2054.578409732682
  yaw: 358.79987
  pitch: 35.250004
