lastAccountName: Genrik2000
timestamps:
  login: 1500211903302
  logout: 1500211946227
ipAddress: 176.77.55.92
lastlocation:
  world: world
  x: 2380.5
  y: 87.0
  z: 875.5
  yaw: 0.0
  pitch: 0.0
money: '80.0'
logoutlocation:
  world: main
  x: 623.3000000119209
  y: 7.0
  z: 956.668702606808
  yaw: -211.80002
  pitch: 57.599995
