lastAccountName: sasdasdaa
timestamps:
  login: 1500164457136
  logout: 1500164457487
ipAddress: 77.51.4.183
lastlocation:
  world: world
  x: 2380.5
  y: 87.0
  z: 875.5
  yaw: 0.0
  pitch: 0.0
logoutlocation:
  world: main
  x: 632.5
  y: 9.0
  z: 984.5
  yaw: 0.5982666
  pitch: 20.250015
