spawns: 
  default: 
    world: main
    x: 632.5
    y: 11.368781578743535
    z: 984.5
    yaw: -0.6017029
    pitch: 19.949903
