world: world
x: 2387.518615110049
y: 75.46007771428185
z: 857.5865916931251
yaw: 278.09082
pitch: 60.149956
name: batut
