world: world
x: 2357.6416965188505
y: 66.0625
z: 886.974523310985
yaw: 270.46045
pitch: -8.55028
name: enchant
