world: survival
x: 13818.309523469303
y: 1.0
z: -4612.941900976686
yaw: 343.5006
pitch: -0.60000026
name: ggg
