world: world
x: 2387.467183896493
y: 66.0
z: 893.6999999880791
yaw: 179.72021
pitch: 2.850051
name: merry
