world: world
x: 666.3889702054611
y: 248.0
z: 2038.3261219114065
yaw: -5.0999746
pitch: 22.64997
name: mine
