world: world
x: 2365.4828191013203
y: 2.0
z: 856.1648332369641
yaw: -176.83228
pitch: 5.9998317
name: parkur
