world: world
x: 100011.73139775253
y: 242.0
z: 100054.95454287814
yaw: 23.85012
pitch: 15.450016
name: pvp
