world: world
x: 685.6340127832206
y: 245.0
z: 2052.6231639938146
yaw: 1.1968293
pitch: -14.250019
name: razdacha
