world: minigames
x: -194.5
y: 47.0
z: 33.5
yaw: 58.649414
pitch: -6.133318E-6
name: sss
