world: world
x: 300002.8768625391
y: 251.77757441881172
z: 299997.8441545114
yaw: 45.59659
pitch: -18.000011
name: tnt
